Genepop 4.7.0, Genotypic differentiation for each population pair (exact G test)

File: Data/oly_msats_2015/2015-SS-PG-GenePop.txt (Title line:"2014 SS & PG")

Number of populations detected : 4
Number of loci detected        : 8

Markov chain parameters
	Dememorisation       : 10000
	Batches              : 100
	Iterations per batch : 1000


Locus: Olur10
=================================
Pop       Genotypes:
          ------------------------------------------------------------------------------------------------------------------------------------------------------------------------------------------------------------------------------------------------
          3   3   4   8   3   3   9   10  2   3   5   7   9   10  11  1   2   3   4   7   9   10  11  3   4   6   10  11  12  3   11  12  3   4   7   8   9   11  12  13  15  10  11  9   15  15  3   12  16  11  12  10  11  15  3   5   7   9   10  11  12  13  14  15  17  20  21  23  3   4   9   15  22  23  24  3   4   6   9   10  11  12  14  15  17  18  23  24  3   11  12  13  15  23  6   9   10  11  12  13  15  16  23  24  25  26  27  3   4   9   11  15  17  23  24  1   3   7   8   9   10  11  12  13  15  17  23  24  26  27  28  29  3   4   7   9   11  12  14  15  16  17  21  23  24  25  27  28  29  3   6   11  12  23  25  28  29  3   7   10  15  25  27  28  30  3   13  23  27  28  11  12  9   11  12  16  
          3   7   8   8   9   10  10  10  11  11  11  11  11  11  11  12  12  12  12  12  12  12  12  13  13  13  13  13  13  14  14  14  15  15  15  15  15  15  15  15  15  16  16  17  17  19  20  20  20  21  21  22  22  22  23  23  23  23  23  23  23  23  23  23  23  23  23  23  24  24  24  24  24  24  24  25  25  25  25  25  25  25  25  25  25  25  25  25  26  26  26  26  26  26  27  27  27  27  27  27  27  27  27  27  27  27  27  28  28  28  28  28  28  28  28  29  29  29  29  29  29  29  29  29  29  29  29  29  29  29  29  29  30  30  30  30  30  30  30  30  30  30  30  30  30  30  30  30  30  31  31  31  31  31  31  31  31  32  32  32  32  32  32  32  32  33  33  33  33  33  34  34  35  35  36  37    Total

PG-W      1   0   0   0   0   0   0   0   0   0   0   1   0   0   0   0   0   1   0   0   0   0   0   1   0   0   0   0   0   0   0   0   1   0   0   1   3   3   1   0   0   0   0   0   1   0   2   0   0   1   0   1   0   0   0   1   0   0   0   1   0   2   1   1   0   1   0   0   1   0   0   2   0   1   0   1   1   0   1   0   1   0   1   2   1   0   2   0   1   0   0   1   0   0   0   0   0   0   1   0   3   0   1   1   0   1   0   0   0   0   0   1   1   2   0   0   0   0   0   0   0   0   2   0   3   0   0   3   2   2   3   0   3   0   0   0   1   0   0   4   2   2   2   2   1   0   3   1   2   0   0   0   0   1   0   1   0   0   0   0   1   0   0   0   1   0   0   1   0   1   0   0   1   1   0   1      99
SS-W      1   0   0   0   1   2   1   0   0   1   0   0   2   0   3   0   1   4   0   1   3   0   4   0   1   1   0   2   0   0   1   1   2   1   0   0   1   1   2   1   0   1   1   1   0   0   0   1   1   0   2   0   0   0   1   0   0   0   0   0   1   0   1   0   0   0   0   0   1   0   0   0   0   0   0   0   1   0   0   0   1   1   1   1   0   1   0   1   0   0   2   0   2   1   1   0   0   1   0   1   0   0   0   0   1   0   0   0   0   1   2   0   0   0   0   1   0   0   0   1   0   0   0   1   1   0   1   0   0   0   0   0   1   1   1   1   4   1   2   0   0   0   0   1   0   2   1   1   1   1   0   1   0   0   0   0   0   1   1   1   0   1   1   0   0   0   0   0   0   0   0   2   0   0   0   0      99
PG-F1     0   1   0   0   0   0   0   0   0   0   0   0   0   0   1   0   0   0   0   0   0   0   0   1   0   0   0   0   0   0   0   0   0   0   1   0   0   3   2   1   1   0   1   0   3   0   0   0   0   1   0   0   1   0   2   0   1   0   0   0   0   0   0   1   2   0   0   0   0   1   0   1   1   0   2   1   0   0   0   0   0   0   0   0   1   0   1   0   0   0   1   0   2   1   0   0   0   0   1   0   3   1   2   1   0   3   1   2   0   0   1   1   0   0   3   0   0   1   1   0   0   0   1   0   2   2   0   0   1   2   1   4   2   0   0   0   2   3   0   0   0   2   0   2   0   0   1   0   2   1   1   0   0   1   0   0   1   0   0   0   0   0   0   1   0   0   0   0   1   0   0   0   0   0   0   0      89
SS-F1     1   0   1   1   1   1   2   2   1   1   1   0   0   2   1   1   0   6   1   0   2   1   3   2   0   0   1   0   3   2   0   2   1   0   0   0   0   0   2   0   1   0   0   0   0   1   0   0   0   0   0   0   0   2   2   0   0   1   3   1   1   0   1   0   0   0   1   1   0   0   1   0   0   0   0   1   0   1   0   1   0   0   0   1   0   0   0   0   0   1   0   0   1   0   0   1   1   0   2   1   0   0   0   0   0   1   0   0   1   1   1   0   0   0   0   0   1   0   0   0   1   1   3   1   3   0   0   1   0   1   1   0   0   0   0   0   1   1   0   0   0   0   0   0   0   1   0   0   0   0   0   0   1   0   2   0   0   0   0   0   0   0   0   0   0   1   1   0   0   0   1   0   0   0   1   0      96

Total:    3   1   1   1   2   3   3   2   1   2   1   1   2   2   5   1   1   11  1   1   5   1   7   4   1   1   1   2   3   2   1   3   4   1   1   1   4   7   7   2   2   1   2   1   4   1   2   1   1   2   2   1   1   2   5   1   1   1   3   2   2   2   3   2   2   1   1   1   2   1   1   3   1   1   2   3   2   1   1   1   2   1   2   4   2   1   3   1   1   1   3   1   5   2   1   1   1   1   4   2   6   1   3   2   1   5   1   2   1   2   4   2   1   2   3   1   1   1   1   1   1   1   6   2   9   2   1   4   3   5   5   4   6   1   1   1   8   5   2   4   2   4   2   5   1   3   5   2   5   2   1   1   1   2   2   1   1   1   1   1   1   1   1   1   1   1   1   1   1   1   1   2   1   1   1   1      383

Locus        Population pair        P-Value  S.E.     Switches
-----------  ---------------------  -------  -------  --------
Olur10       SS-W      & PG-W       0.00000  0.00000     28669
Olur10       PG-F1     & PG-W       0.27863  0.01345     30534
Olur10       PG-F1     & SS-W       0.00000  0.00000     28623
Olur10       SS-F1     & PG-W       0.00000  0.00000     28626
Olur10       SS-F1     & SS-W       0.00349  0.00079     28222
Olur10       SS-F1     & PG-F1      0.00000  0.00000     28711

Locus: Olur11
=================================
Pop       Genotypes:
          ------------------------------------------------------------------------------------------------------------------------------------------------------------------------------------------------------------------------------------------------
          1   2   1   2   3   2   4   2   3   1   2   3   2   3   6   7   2   3   1   2   3   4   5   6   7   8   9   1   2   3   5   8   9   3   9   10  2   3   4   7   9   2   3   3   9   9   3   11  
          2   2   3   3   3   4   4   5   5   6   6   6   7   7   7   7   8   8   9   9   9   9   9   9   9   9   9   10  10  10  10  10  10  11  11  11  12  12  12  12  12  13  13  14  14  15  16  16    Total

PG-W      0   3   1   14  4   0   0   0   0   0   1   1   1   3   1   0   1   1   4   14  10  0   0   3   5   1   19  0   1   1   0   0   4   0   0   0   1   1   0   0   1   0   1   0   0   1   0   1      99
SS-W      1   9   1   6   8   0   0   0   1   1   4   4   0   1   0   0   1   1   0   13  22  0   1   3   0   1   13  1   0   0   0   1   1   1   0   1   0   1   0   0   1   0   2   0   0   0   0   0      100
PG-F1     2   8   0   9   1   0   0   1   1   0   0   4   1   0   1   0   1   0   1   18  13  1   1   2   2   4   5   0   1   0   1   0   3   0   1   0   1   1   0   1   1   1   0   1   5   0   1   0      94
SS-F1     1   5   1   10  8   1   1   0   0   0   1   1   2   3   0   1   1   2   1   12  14  1   1   3   2   2   10  1   1   2   0   0   3   0   0   0   2   0   1   0   1   0   1   0   0   0   0   0      96

Total:    4   25  3   39  21  1   1   1   2   1   6   10  4   7   2   1   4   4   6   57  59  2   3   11  9   8   47  2   3   3   1   1   11  1   1   1   4   3   1   1   4   1   4   1   5   1   1   1      389

Locus        Population pair        P-Value  S.E.     Switches
-----------  ---------------------  -------  -------  --------
Olur11       SS-W      & PG-W       0.11581  0.00640     37665
Olur11       PG-F1     & PG-W       0.09708  0.00703     37011
Olur11       PG-F1     & SS-W       0.07310  0.00906     35330
Olur11       SS-F1     & PG-W       0.41092  0.01099     39301
Olur11       SS-F1     & SS-W       0.07224  0.00530     37762
Olur11       SS-F1     & PG-F1      0.11326  0.00814     36555

Locus: Olur12
=================================
Pop       Genotypes:
          ------------------------------------------------------------------------------------------------------------------------------------------------------------------------------------------------------------------------------------------------
          1   1   1   3   1   1   6   1   2   7   1   2   3   4   6   7   8   1   7   8   1   2   5   7   8   9   10  1   6   7   8   9   10  1   2   3   6   7   8   9   10  11  12  1   3   7   8   9   10  11  12  13  1   8   11  12  12  13  8   12  1   
          1   2   3   3   5   6   6   7   7   7   8   8   8   8   8   8   8   9   9   9   10  10  10  10  10  10  10  11  11  11  11  11  11  12  12  12  12  12  12  12  12  12  12  13  13  13  13  13  13  13  13  13  14  14  14  14  15  15  16  16  17    Total

PG-W      3   3   0   0   2   1   0   2   0   0   5   4   0   1   2   0   2   2   0   1   4   2   1   0   2   0   0   3   0   0   3   0   0   16  0   0   1   0   9   2   2   6   6   2   0   1   1   1   1   2   2   1   1   0   0   0   0   0   0   0   1      98
SS-W      4   0   1   0   0   0   0   1   0   0   10  1   0   0   0   1   6   1   3   0   5   0   0   2   9   3   1   1   0   0   1   0   1   12  2   1   0   1   8   4   3   2   7   1   0   0   0   1   0   1   1   1   0   1   0   1   0   0   1   1   0      100
PG-F1     5   1   0   0   0   0   1   1   1   0   7   1   0   0   2   1   6   3   0   4   3   1   0   0   1   0   0   4   1   1   2   1   0   8   1   0   0   2   7   1   3   4   11  0   1   0   0   0   0   1   3   0   0   1   0   1   1   1   0   0   0      93
SS-F1     7   0   0   1   1   0   0   2   0   1   12  0   4   0   0   3   1   2   0   1   6   0   0   1   6   0   3   1   0   0   5   0   1   3   0   0   0   3   5   2   9   1   2   2   0   1   3   0   4   0   1   0   0   0   1   0   1   0   1   0   0      97

Total:    19  4   1   1   3   1   1   6   1   1   34  6   4   1   4   5   15  8   3   6   18  3   1   3   18  3   4   9   1   1   11  1   2   39  3   1   1   6   29  9   17  13  26  5   1   2   4   2   5   4   7   2   1   2   1   2   2   1   2   1   1      388

Locus        Population pair        P-Value  S.E.     Switches
-----------  ---------------------  -------  -------  --------
Olur12       SS-W      & PG-W       0.00178  0.00076     37212
Olur12       PG-F1     & PG-W       0.34226  0.01056     36955
Olur12       PG-F1     & SS-W       0.03436  0.00420     37332
Olur12       SS-F1     & PG-W       0.00000  0.00000     40025
Olur12       SS-F1     & SS-W       0.09034  0.00723     39398
Olur12       SS-F1     & PG-F1      0.00011  0.00006     37533

Locus: Olur13
=================================
Pop       Genotypes:
          ------------------------------------------------------------------------------------------------------------------------------------------------------------------------------------------------------------------------------------------------
          1   1   2   1   2   1   2   3   1   3   4   1   2   3   4   5   6   1   2   3   4   6   7   1   3   4   5   7   8   1   2   3   6   8   1   2   3   6   8   9   10  1   2   3   5   6   7   8   9   10  11  1   2   3   4   5   6   7   8   9   10  11  12  1   2   3   4   5   6   7   8   9   10  11  12  13  1   2   3   4   5   6   7   8   9   10  11  12  13  14  1   2   3   4   5   6   7   8   9   10  11  12  13  14  15  1   5   6   7   9   10  12  13  14  15  1   5   7   8   10  12  13  1   2   4   8   9   11  12  13  14  16  6   11  12  16  17  7   9   
          1   2   2   3   3   4   4   4   5   5   5   6   6   6   6   6   6   7   7   7   7   7   7   8   8   8   8   8   8   9   9   9   9   9   10  10  10  10  10  10  10  11  11  11  11  11  11  11  11  11  11  12  12  12  12  12  12  12  12  12  12  12  12  13  13  13  13  13  13  13  13  13  13  13  13  13  14  14  14  14  14  14  14  14  14  14  14  14  14  14  15  15  15  15  15  15  15  15  15  15  15  15  15  15  15  16  16  16  16  16  16  16  16  16  16  17  17  17  17  17  17  17  18  18  18  18  18  18  18  18  18  18  19  19  19  19  19  20  20    Total

PG-W      1   1   0   1   0   0   1   0   0   0   1   2   0   0   0   0   0   0   0   1   1   1   0   1   1   1   0   1   1   3   1   0   0   0   1   0   0   1   0   0   0   0   0   2   0   1   0   0   1   0   0   1   1   2   1   2   2   4   1   0   0   0   1   1   0   1   0   1   1   0   1   2   2   1   1   1   2   1   0   0   1   3   3   3   0   1   0   3   1   1   0   1   3   0   0   0   0   1   0   1   0   0   0   4   0   2   1   2   2   1   2   0   0   1   0   2   1   0   1   0   0   1   0   0   0   0   0   0   1   1   1   0   0   0   0   0   0   0   0      100
SS-W      2   0   0   3   1   0   0   0   1   2   0   0   0   1   0   0   1   1   1   1   0   1   0   0   0   0   1   2   0   1   0   1   0   1   0   0   1   0   1   1   1   1   3   2   1   0   1   1   0   2   1   1   1   2   0   0   0   0   4   1   1   1   1   1   0   1   1   0   1   0   0   3   0   2   1   0   0   3   2   1   0   2   1   3   1   1   0   2   1   0   1   1   1   1   1   0   1   1   0   0   1   0   1   1   0   0   0   0   0   1   0   0   3   1   2   0   0   1   0   0   0   2   1   1   0   1   1   0   0   0   0   0   0   0   0   0   0   0   0      100
PG-F1     0   0   0   0   0   2   0   1   0   0   0   0   1   0   1   0   0   0   0   0   0   1   2   0   0   0   0   0   0   0   0   1   0   0   0   0   2   0   0   0   0   0   0   0   1   0   0   0   1   1   1   0   1   1   3   0   2   0   0   2   2   1   1   0   1   2   1   1   3   2   0   6   0   0   4   0   0   2   0   0   0   1   1   1   0   2   1   0   0   0   0   1   1   2   0   2   0   0   1   1   1   4   1   0   2   0   1   0   0   1   3   2   2   2   1   0   0   0   0   0   2   1   0   0   1   0   1   0   0   0   0   0   0   0   1   0   0   0   1      91
SS-F1     0   1   1   1   2   0   1   1   0   0   0   0   0   0   0   1   0   1   1   1   0   0   0   1   0   0   0   0   0   2   0   1   1   0   1   2   0   0   0   1   0   3   3   1   0   0   0   2   0   2   1   2   1   1   0   1   0   3   0   1   0   2   2   1   4   1   0   0   0   0   0   0   1   1   2   0   0   1   2   0   0   0   1   0   2   0   4   0   1   0   0   0   1   0   0   1   1   1   0   0   2   1   0   2   0   2   0   0   1   0   0   0   0   3   0   1   0   0   0   2   0   2   0   0   0   0   0   1   0   0   1   1   1   1   0   1   1   1   0      94

Total:    3   2   1   5   3   2   2   2   1   2   1   2   1   1   1   1   1   2   2   3   1   3   2   2   1   1   1   3   1   6   1   3   1   1   2   2   3   1   1   2   1   4   6   5   2   1   1   3   2   5   3   4   4   6   4   3   4   7   5   4   3   4   5   3   5   5   2   2   5   2   1   11  3   4   8   1   2   7   4   1   1   6   6   7   3   4   5   5   3   1   1   3   6   3   1   3   2   3   1   2   4   5   2   7   2   4   2   2   3   3   5   2   5   7   3   3   1   1   1   2   2   6   1   1   1   1   2   1   1   1   2   1   1   1   1   1   1   1   1      385

Locus        Population pair        P-Value  S.E.     Switches
-----------  ---------------------  -------  -------  --------
Olur13       SS-W      & PG-W       0.44227  0.01861     29589
Olur13       PG-F1     & PG-W       0.00102  0.00075     30547
Olur13       PG-F1     & SS-W       0.00002  0.00001     31288
Olur13       SS-F1     & PG-W       0.00044  0.00018     30731
Olur13       SS-F1     & SS-W       0.26279  0.01340     30733
Olur13       SS-F1     & PG-F1      0.00000  0.00000     30663

Locus: Olur15
=================================
Pop       Genotypes:
          ------------------------------------------------------------------------------------------------------------------------------------------------------------------------------------------------------------------------------------------------
          1   1   2   1   2   1   2   3   1   3   4   1   2   3   4   5   6   1   2   3   4   6   7   1   3   4   5   7   8   1   2   3   6   8   1   2   3   6   8   9   10  1   2   3   5   6   7   8   9   10  11  1   2   3   4   5   6   7   8   9   10  11  12  1   2   3   4   5   6   7   8   9   10  11  12  13  1   2   3   4   5   6   7   8   9   10  11  12  13  14  1   2   3   4   5   6   7   8   9   10  11  12  13  14  15  1   5   6   7   9   10  12  13  14  15  1   5   7   8   10  12  13  1   2   4   8   9   11  12  13  14  16  6   11  12  16  17  7   9   
          1   2   2   3   3   4   4   4   5   5   5   6   6   6   6   6   6   7   7   7   7   7   7   8   8   8   8   8   8   9   9   9   9   9   10  10  10  10  10  10  10  11  11  11  11  11  11  11  11  11  11  12  12  12  12  12  12  12  12  12  12  12  12  13  13  13  13  13  13  13  13  13  13  13  13  13  14  14  14  14  14  14  14  14  14  14  14  14  14  14  15  15  15  15  15  15  15  15  15  15  15  15  15  15  15  16  16  16  16  16  16  16  16  16  16  17  17  17  17  17  17  17  18  18  18  18  18  18  18  18  18  18  19  19  19  19  19  20  20    Total

PG-W      1   1   0   1   0   0   1   0   0   0   1   2   0   0   0   0   0   0   0   1   1   1   0   1   1   1   0   1   1   3   1   0   0   0   1   0   0   1   0   0   0   0   0   2   0   1   0   0   1   0   0   1   1   2   1   2   2   4   1   0   0   0   1   1   0   1   0   1   1   0   1   2   2   1   1   1   2   1   0   0   1   3   3   3   0   1   0   3   1   1   0   1   3   0   0   0   0   1   0   1   0   0   0   4   0   2   1   2   2   1   2   0   0   1   0   2   1   0   1   0   0   1   0   0   0   0   0   0   1   1   1   0   0   0   0   0   0   0   0      100
SS-W      2   0   0   3   1   0   0   0   1   2   0   0   0   1   0   0   1   1   1   1   0   1   0   0   0   0   1   2   0   1   0   1   0   1   0   0   1   0   1   1   1   1   3   2   1   0   1   1   0   2   1   1   1   2   0   0   0   0   4   1   1   1   1   1   0   1   1   0   1   0   0   3   0   2   1   0   0   3   2   1   0   2   1   3   1   1   0   2   1   0   1   1   1   1   1   0   1   1   0   0   1   0   1   1   0   0   0   0   0   1   0   0   2   1   2   0   0   1   0   0   0   2   1   1   0   1   1   0   0   0   0   0   0   0   0   0   0   0   0      99
PG-F1     0   0   0   0   0   2   0   1   0   0   0   0   1   0   1   0   0   0   0   0   0   1   2   0   0   0   0   0   0   0   0   1   0   0   0   0   2   0   0   0   0   1   0   0   1   0   0   0   1   1   1   0   1   1   3   0   2   0   0   2   2   1   1   0   1   2   1   1   3   2   0   6   0   0   5   0   0   2   0   0   0   1   1   1   0   2   1   1   0   0   0   1   1   2   0   2   0   0   1   1   1   4   1   0   2   0   1   0   0   1   3   2   2   2   1   0   0   0   0   0   2   1   0   0   1   0   1   0   0   0   0   0   0   0   1   0   0   0   1      94
SS-F1     0   1   1   1   2   0   1   1   0   0   0   0   0   0   0   1   0   1   1   1   0   0   0   1   0   0   0   0   0   2   0   1   1   1   1   2   0   0   0   1   0   3   3   1   0   0   0   2   0   2   1   2   1   1   0   1   0   3   0   1   0   1   3   1   4   1   0   0   0   0   0   0   1   1   2   0   0   1   2   0   0   0   1   0   2   0   4   0   1   0   0   0   1   0   0   1   1   1   0   0   2   1   0   2   0   2   0   0   1   0   0   0   0   3   0   1   0   0   0   2   0   2   0   0   0   0   0   1   0   0   1   1   1   1   0   1   1   1   0      95

Total:    3   2   1   5   3   2   2   2   1   2   1   2   1   1   1   1   1   2   2   3   1   3   2   2   1   1   1   3   1   6   1   3   1   2   2   2   3   1   1   2   1   5   6   5   2   1   1   3   2   5   3   4   4   6   4   3   4   7   5   4   3   3   6   3   5   5   2   2   5   2   1   11  3   4   9   1   2   7   4   1   1   6   6   7   3   4   5   6   3   1   1   3   6   3   1   3   2   3   1   2   4   5   2   7   2   4   2   2   3   3   5   2   4   7   3   3   1   1   1   2   2   6   1   1   1   1   2   1   1   1   2   1   1   1   1   1   1   1   1      388

Locus        Population pair        P-Value  S.E.     Switches
-----------  ---------------------  -------  -------  --------
Olur15       SS-W      & PG-W       0.40884  0.01702     29758
Olur15       PG-F1     & PG-W       0.00005  0.00005     30473
Olur15       PG-F1     & SS-W       0.00000  0.00000     31156
Olur15       SS-F1     & PG-W       0.00306  0.00127     30452
Olur15       SS-F1     & SS-W       0.36679  0.01450     30934
Olur15       SS-F1     & PG-F1      0.00000  0.00000     30499

Locus: Olur17
=================================
Pop       Genotypes:
          ------------------------------------------------------------------------------------------------------------------------------------------------------------------------------------------------------------------------------------------------
          2   4   4   4   4   4   4   3   4   9   10  11  1   4   5   7   8   10  11  4   9   10  11  12  4   6   8   9   11  12  13  14  4   8   9   10  11  12  13  14  15  4   7   8   9   10  11  12  13  14  15  16  3   4   5   6   8   9   10  11  12  13  14  15  16  17  1   4   5   6   8   9   10  11  12  13  14  15  16  17  18  4   7   9   10  11  13  14  15  16  17  18  19  4   10  11  12  14  15  16  17  18  19  1   3   4   7   10  11  14  15  16  17  18  19  20  2   4   8   9   11  15  16  17  20  5   12  13  14  16  18  19  4   15  16  18  12  16  
          4   4   5   6   8   9   10  11  11  11  11  11  12  12  12  12  12  12  12  13  13  13  13  13  14  14  14  14  14  14  14  14  15  15  15  15  15  15  15  15  15  16  16  16  16  16  16  16  16  16  16  16  17  17  17  17  17  17  17  17  17  17  17  17  17  17  18  18  18  18  18  18  18  18  18  18  18  18  18  18  18  19  19  19  19  19  19  19  19  19  19  19  19  20  20  20  20  20  20  20  20  20  20  21  21  21  21  21  21  21  21  21  21  21  21  21  22  22  22  22  22  22  22  22  22  23  23  23  23  23  23  23  24  24  24  25  26  26    Total

PG-W      0   2   0   1   0   2   0   0   3   0   1   1   0   2   1   0   0   0   0   1   0   0   1   0   3   0   1   0   1   0   0   0   3   0   1   0   0   0   2   1   1   0   0   0   1   1   4   1   1   2   2   0   0   2   0   0   0   2   1   0   0   1   2   2   2   2   0   4   0   0   0   0   0   0   0   0   2   3   1   1   2   0   1   1   1   0   2   0   0   1   3   0   0   0   0   1   1   1   0   1   0   0   2   0   1   2   0   0   1   0   0   0   1   1   0   1   1   1   0   0   0   0   1   0   1   1   0   0   0   1   0   1   1   0   0   1   1   1      100
SS-W      1   1   0   0   1   1   3   1   0   1   0   0   0   1   1   0   1   1   0   1   2   0   0   0   1   1   0   0   1   1   0   1   3   2   1   0   1   1   3   1   0   2   0   1   0   1   2   1   2   0   4   0   1   3   0   0   0   0   0   0   1   0   1   2   1   1   0   1   0   0   1   0   0   3   0   0   2   1   0   0   0   0   0   0   1   1   3   3   1   1   1   1   1   0   0   0   2   1   1   3   1   0   2   0   0   1   2   0   0   1   2   1   0   0   0   1   0   0   0   1   0   0   0   0   0   0   1   0   1   0   0   0   0   0   1   0   0   0      99
PG-F1     0   1   1   0   1   2   2   0   1   0   0   0   0   1   0   1   0   0   1   3   0   1   1   1   2   0   0   1   0   0   0   0   4   0   0   1   0   1   0   0   1   2   0   0   0   0   0   1   0   0   1   0   0   3   1   0   0   2   0   2   0   1   1   2   3   2   0   5   2   2   0   1   0   0   1   1   2   2   1   0   2   1   0   0   0   0   2   2   2   1   2   2   0   0   0   0   0   4   2   0   1   0   0   0   0   0   0   0   0   0   0   0   0   0   2   0   0   0   1   0   1   2   0   0   0   0   0   0   0   0   1   0   0   1   0   0   0   0      94
SS-F1     0   0   0   0   0   0   0   0   0   0   1   0   1   0   0   0   0   0   1   0   1   0   1   0   1   0   0   1   1   0   1   0   2   1   0   1   1   1   1   2   0   1   1   0   0   1   0   0   0   3   2   1   0   0   0   2   1   1   0   2   1   2   4   2   0   1   1   2   0   0   1   0   2   2   0   1   2   3   2   4   0   0   0   0   0   1   0   0   0   0   1   1   0   2   1   0   0   1   1   0   0   1   0   1   0   0   0   2   1   1   1   0   1   0   0   0   0   0   0   0   0   0   0   1   2   0   0   1   1   0   0   0   1   0   0   0   0   0      85

Total:    1   4   1   1   2   5   5   1   4   1   2   1   1   4   2   1   1   1   2   5   3   1   3   1   7   1   1   2   3   1   1   1   12  3   2   2   2   3   6   4   2   5   1   1   1   3   6   3   3   5   9   1   1   8   1   2   1   5   1   4   2   4   8   8   6   6   1   12  2   2   2   1   2   5   1   2   8   9   4   5   4   1   1   1   2   2   7   5   3   3   7   4   1   2   1   1   3   7   4   4   2   1   4   1   1   3   2   2   2   2   3   1   2   1   2   2   1   1   1   1   1   2   1   1   3   1   1   1   2   1   1   1   2   1   1   1   1   1      378

Locus        Population pair        P-Value  S.E.     Switches
-----------  ---------------------  -------  -------  --------
Olur17       SS-W      & PG-W       0.74812  0.01321     30578
Olur17       PG-F1     & PG-W       0.80100  0.01112     30551
Olur17       PG-F1     & SS-W       0.08539  0.00792     31032
Olur17       SS-F1     & PG-W       0.10317  0.00784     29519
Olur17       SS-F1     & SS-W       0.01332  0.00218     30107
Olur17       SS-F1     & PG-F1      0.01871  0.00249     30700

Locus: Olur18
=================================
Pop       Genotypes:
          ------------------------------------------------------------------------------------------------------------------------------------------------------------------------------------------------------------------------------------------------
          2   2   1   2   7   9   2   3   11  2   3   8   9   10  11  12  2   8   9   10  11  12  13  2   3   8   10  11  12  13  14  2   10  11  12  13  14  15  2   4   7   9   10  11  12  13  14  15  16  2   3   8   9   10  11  12  13  14  15  16  17  6   9   10  11  12  13  14  15  16  17  18  2   11  12  13  14  15  16  17  18  2   7   9   12  13  14  15  16  18  19  2   6   11  12  14  15  16  17  19  20  2   5   12  13  14  15  17  20  22  2   7   11  12  13  16  20  2   14  18  2   11  16  17  19  24  3   15  18  22  2   8   9   14  16  18  8   12  14  15  2   9   12  14  15  16  17  18  15  16  17  29  12  14  15  16  17  12  13  18  23  14  
          2   3   10  10  10  10  11  11  11  12  12  12  12  12  12  12  13  13  13  13  13  13  13  14  14  14  14  14  14  14  14  15  15  15  15  15  15  15  16  16  16  16  16  16  16  16  16  16  16  17  17  17  17  17  17  17  17  17  17  17  17  18  18  18  18  18  18  18  18  18  18  18  19  19  19  19  19  19  19  19  19  20  20  20  20  20  20  20  20  20  20  21  21  21  21  21  21  21  21  21  21  22  22  22  22  22  22  22  22  22  23  23  23  23  23  23  23  24  24  24  25  25  25  25  25  25  26  26  26  26  27  27  27  27  27  27  28  28  28  28  29  29  29  29  29  29  29  29  30  30  30  30  31  31  31  31  31  32  32  33  33  34    Total

PG-W      4   1   1   1   0   0   2   1   1   1   0   0   0   0   0   1   2   1   1   2   1   1   0   5   1   1   1   1   0   3   1   3   2   1   1   2   1   2   0   1   1   0   1   1   1   1   1   1   2   0   1   1   0   1   0   2   0   2   0   1   1   0   0   0   0   0   2   2   0   1   1   0   2   1   0   1   1   0   1   1   0   0   1   0   0   0   1   0   1   0   0   0   0   1   0   1   0   0   1   0   1   1   1   0   1   0   0   1   1   1   1   0   0   0   1   0   0   0   0   0   1   0   0   1   0   0   0   0   1   0   0   0   0   0   0   1   0   1   0   1   0   0   0   0   0   0   0   0   0   0   0   0   0   0   1   0   0   0   0   0   0   0      100
SS-W      0   0   0   1   1   1   0   0   1   0   0   0   1   1   1   0   1   1   1   2   0   0   0   0   0   1   0   1   2   2   4   1   1   1   5   3   8   1   0   0   0   0   2   0   4   3   1   0   0   0   0   0   1   0   1   0   2   3   1   0   0   0   0   0   0   0   1   0   0   1   0   1   0   1   0   0   2   1   0   0   0   0   1   0   0   0   2   1   1   0   0   0   1   0   1   0   0   1   0   0   0   0   0   0   1   0   1   2   1   0   0   0   0   0   0   1   1   0   1   1   0   0   1   0   1   1   0   0   0   0   0   0   1   1   0   0   0   0   1   0   0   1   0   0   0   0   0   1   1   0   0   0   0   0   0   1   1   0   1   1   0   1      98
PG-F1     5   0   0   0   0   0   0   0   0   6   1   1   0   1   2   0   1   0   0   0   0   0   1   5   0   0   0   1   1   1   0   2   0   0   0   0   2   1   1   0   0   3   0   0   1   1   0   1   1   4   0   0   0   0   0   1   2   0   1   2   1   1   2   0   1   1   0   0   0   1   2   0   0   0   0   0   0   0   1   2   1   3   0   1   0   0   0   0   1   0   1   1   0   0   0   0   1   1   0   0   0   0   0   0   0   0   0   0   0   0   1   0   1   0   0   0   0   1   0   0   1   1   0   0   0   0   1   0   0   0   1   0   0   0   0   0   0   1   0   0   1   0   1   1   0   1   0   0   0   0   0   0   0   0   0   0   0   0   0   0   0   0      83
SS-F1     0   0   0   0   0   0   0   0   0   0   0   0   0   0   2   1   0   1   0   1   2   2   0   1   0   1   1   1   1   2   3   0   0   1   3   0   2   1   0   0   0   0   0   0   3   3   1   0   1   0   0   0   0   0   0   3   1   1   1   3   2   0   0   1   1   1   1   1   1   1   0   0   0   1   1   1   1   1   0   0   0   0   0   0   1   1   0   0   1   1   0   0   0   0   0   0   1   0   1   1   0   0   0   1   0   2   1   1   1   0   0   1   0   1   0   0   0   0   0   0   0   0   0   0   0   0   0   1   0   1   0   1   0   1   1   0   1   1   0   0   0   0   2   0   1   1   1   0   0   1   1   1   2   1   0   0   0   1   0   0   1   0      92

Total:    9   1   1   2   1   1   2   1   2   7   1   1   1   2   5   2   4   3   2   5   3   3   1   11  1   3   2   4   4   8   8   6   3   3   9   5   13  5   1   1   1   3   3   1   9   8   3   2   4   4   1   1   1   1   1   6   5   6   3   6   4   1   2   1   2   2   4   3   1   4   3   1   2   3   1   2   4   2   2   3   1   3   2   1   1   1   3   1   4   1   1   1   1   1   1   1   2   2   2   1   1   1   1   1   2   2   2   4   3   1   2   1   1   1   1   1   1   1   1   1   2   1   1   1   1   1   1   1   1   1   1   1   1   2   1   1   1   3   1   1   1   1   3   1   1   2   1   1   1   1   1   1   2   1   1   1   1   1   1   1   1   1      373

Locus        Population pair        P-Value  S.E.     Switches
-----------  ---------------------  -------  -------  --------
Olur18       SS-W      & PG-W       0.00752  0.00157     29105
Olur18       PG-F1     & PG-W       0.00621  0.00151     28142
Olur18       PG-F1     & SS-W       0.00000  0.00000     28727
Olur18       SS-F1     & PG-W       0.00000  0.00000     28803
Olur18       SS-F1     & SS-W       0.14156  0.00952     28353
Olur18       SS-F1     & PG-F1      0.00000  0.00000     28743

Locus: Olur19
=================================
Pop       Genotypes:
          ------------------------------------------------------------------------------------------------------------------------------------------------------------------------------------------------------------------------------------------------
          1   1   2   1   2   1   2   3   1   3   4   1   2   3   4   5   6   1   2   3   4   6   7   1   3   4   5   7   8   1   2   3   6   8   1   2   3   6   8   9   10  1   2   3   5   6   7   8   9   10  11  1   2   3   4   5   6   7   8   9   10  11  12  1   2   3   4   5   6   7   8   9   10  11  12  13  1   2   3   4   5   6   7   8   9   10  11  12  13  14  1   2   3   4   5   6   7   8   9   10  11  12  13  14  15  1   5   6   7   9   10  12  13  14  15  1   5   7   8   10  12  13  1   2   4   8   9   11  12  13  14  16  6   11  12  16  17  7   9   
          1   2   2   3   3   4   4   4   5   5   5   6   6   6   6   6   6   7   7   7   7   7   7   8   8   8   8   8   8   9   9   9   9   9   10  10  10  10  10  10  10  11  11  11  11  11  11  11  11  11  11  12  12  12  12  12  12  12  12  12  12  12  12  13  13  13  13  13  13  13  13  13  13  13  13  13  14  14  14  14  14  14  14  14  14  14  14  14  14  14  15  15  15  15  15  15  15  15  15  15  15  15  15  15  15  16  16  16  16  16  16  16  16  16  16  17  17  17  17  17  17  17  18  18  18  18  18  18  18  18  18  18  19  19  19  19  19  20  20    Total

PG-W      1   1   0   1   0   0   1   0   0   0   1   2   0   0   0   0   0   0   0   1   1   1   0   1   1   1   0   1   1   3   1   0   0   0   1   0   0   1   0   0   0   0   0   2   0   1   0   0   1   0   0   1   1   2   1   2   2   4   1   0   0   0   1   1   0   1   0   1   1   0   1   2   2   1   1   1   2   1   0   0   1   3   3   3   0   1   0   3   1   1   0   1   3   0   0   0   0   1   0   1   0   0   0   4   0   2   1   2   2   1   2   0   0   1   0   2   1   0   1   0   0   1   0   0   0   0   0   0   1   1   1   0   0   0   0   0   0   0   0      100
SS-W      2   0   0   3   1   0   0   0   1   2   0   0   0   1   0   0   1   1   1   1   0   1   0   0   0   0   1   2   0   1   0   1   0   1   0   0   1   0   1   1   1   1   3   2   1   0   1   1   0   2   1   1   1   2   0   0   0   0   4   1   1   1   1   1   0   1   1   0   1   0   0   3   0   2   1   0   0   3   2   1   0   2   1   3   1   1   0   2   1   0   1   1   1   1   1   0   1   1   0   0   1   0   1   1   0   0   0   0   0   1   0   0   3   1   2   0   0   1   0   0   0   2   1   1   0   1   1   0   0   0   0   0   0   0   0   0   0   0   0      100
PG-F1     0   0   0   0   0   2   0   1   0   0   0   0   1   0   1   0   0   0   0   0   0   1   2   0   0   0   0   0   0   0   0   1   0   0   0   0   2   0   0   0   0   1   0   0   1   0   0   0   1   1   1   0   1   1   3   0   1   0   0   2   2   1   1   0   1   2   1   1   3   2   0   6   0   0   6   0   0   2   0   0   0   1   1   1   0   2   1   1   0   0   0   0   1   2   0   2   0   0   1   1   1   4   1   0   2   0   1   0   0   1   3   2   2   2   1   0   0   0   0   0   2   1   0   0   1   0   1   0   0   0   0   0   0   0   1   0   0   0   1      93
SS-F1     0   1   1   1   2   0   1   1   0   0   0   0   0   0   0   1   0   1   1   1   0   0   0   1   0   0   0   0   0   2   0   1   1   0   1   2   0   0   0   1   0   3   3   1   0   0   0   2   0   2   1   2   1   2   0   1   0   3   0   1   0   2   2   1   4   1   0   0   0   0   0   0   1   1   2   0   0   1   2   0   0   0   1   0   2   0   4   0   1   0   0   0   1   0   0   1   1   0   0   0   2   1   0   2   0   2   0   0   1   0   0   0   0   3   0   1   0   0   0   1   0   2   0   0   0   0   0   1   0   0   1   1   1   1   0   1   1   1   0      93

Total:    3   2   1   5   3   2   2   2   1   2   1   2   1   1   1   1   1   2   2   3   1   3   2   2   1   1   1   3   1   6   1   3   1   1   2   2   3   1   1   2   1   5   6   5   2   1   1   3   2   5   3   4   4   7   4   3   3   7   5   4   3   4   5   3   5   5   2   2   5   2   1   11  3   4   10  1   2   7   4   1   1   6   6   7   3   4   5   6   3   1   1   2   6   3   1   3   2   2   1   2   4   5   2   7   2   4   2   2   3   3   5   2   5   7   3   3   1   1   1   1   2   6   1   1   1   1   2   1   1   1   2   1   1   1   1   1   1   1   1      386

Locus        Population pair        P-Value  S.E.     Switches
-----------  ---------------------  -------  -------  --------
Olur19       SS-W      & PG-W       0.44756  0.01757     29734
Olur19       PG-F1     & PG-W       0.00000  0.00000     30227
Olur19       PG-F1     & SS-W       0.00009  0.00006     31304
Olur19       SS-F1     & PG-W       0.00028  0.00018     30435
Olur19       SS-F1     & SS-W       0.20003  0.01206     30687
Olur19       SS-F1     & PG-F1      0.00000  0.00000     30458

=================================

P-value for each population pair across all loci
(Fisher's method)
-----------------------------------------------------
Population pair               Chi2      df   P-Value
--------------------          --------  ---  --------
PG-W          & SS-W          >32.36308 16   <0.008966
PG-W          & PG-F1         >53.55440816   <0.000006
SS-W          & PG-F1         >57.16558916   <0.000002
PG-W          & SS-F1         >49.71906216   <0.000025
SS-W          & SS-F1         41.823928 16   0.000419
PG-F1         & SS-F1         >30.54359316   <0.015379

Normal ending.
