Genepop 4.7.0, Genotypic differentiation for each population pair (exact G test)

File: Data/Oly2016NFH+2017NFW_Merged.txt (Title line:"NF 2016/2017")

Number of populations detected : 2
Number of loci detected        : 6

Markov chain parameters
	Dememorisation       : 10000
	Batches              : 100
	Iterations per batch : 1000


Locus: Olur10
=================================
Pop       Genotypes:
          ------------------------------------------------------------------------------------------------------------------------------------------------------------------------------------------------------------------------------------------------
          3   4   3   3   7   3   5   7   8   10  3   5   8   9   11  1   4   5   6   7   9   11  9   11  12  3   1   2   7   9   11  14  7   10  14  3   10  12  13  3   11  3   7   10  11  12  3   9   10  11  12  13  15  16  19  2   8   9   11  12  14  15  18  19  20  1   3   5   11  21  22  3   8   9   14  15  19  20  22  2   3   8   9   11  12  15  20  23  3   9   11  12  15  21  22  3   11  12  15  20  22  23  24  26  3   9   11  14  27  12  14  16  21  23  24  26  27  3   9   13  16  20  3   9   11  12  20  21  26  27  3   23  11  12  13  10  15  
          3   6   8   9   9   10  10  10  10  10  11  11  11  11  11  12  12  12  12  12  12  12  13  13  13  14  15  15  15  15  15  15  16  16  16  17  17  17  17  18  18  19  19  19  19  19  20  20  20  20  20  20  20  20  20  21  21  21  21  21  21  21  21  21  21  22  22  22  22  22  22  23  23  23  23  23  23  23  23  24  24  24  24  24  24  24  24  24  25  25  25  25  25  25  25  26  26  26  26  26  26  26  26  26  27  27  27  27  27  28  28  28  28  28  28  28  28  29  29  29  29  29  30  30  30  30  30  30  30  30  31  31  32  32  32  33  34    Total

NFW-2017  1   0   1   1   2   0   1   1   0   0   3   0   1   0   0   3   0   0   0   0   0   1   2   1   0   0   0   1   1   0   0   1   1   1   0   0   1   1   1   0   1   2   1   0   1   0   4   0   2   2   1   0   0   0   0   1   0   1   2   1   1   0   0   1   1   0   1   1   0   1   0   2   1   0   0   0   0   1   0   1   1   1   1   0   1   1   1   1   1   2   0   0   0   1   0   2   1   1   1   1   1   1   0   0   2   0   0   0   1   1   0   1   1   0   1   1   0   3   1   1   1   0   3   1   0   0   0   1   0   0   1   1   0   0   0   0   1      97
NFH-2016  2   1   1   1   0   1   0   0   1   1   4   1   0   1   1   0   1   1   1   1   1   1   0   2   1   2   1   0   0   1   1   0   0   0   1   1   0   0   0   2   0   0   1   1   0   1   3   1   0   1   0   1   1   1   1   0   1   0   0   1   0   1   1   0   1   1   0   0   1   0   1   2   1   1   1   1   1   0   1   0   0   0   1   1   0   0   1   0   2   0   1   2   1   0   1   0   2   0   0   0   0   0   1   1   1   1   1   1   1   1   1   0   0   1   0   2   1   1   0   0   0   1   0   0   1   1   1   0   1   2   0   0   1   1   1   1   0      98

Total:    3   1   2   2   2   1   1   1   1   1   7   1   1   1   1   3   1   1   1   1   1   2   2   3   1   2   1   1   1   1   1   1   1   1   1   1   1   1   1   2   1   2   2   1   1   1   7   1   2   3   1   1   1   1   1   1   1   1   2   2   1   1   1   1   2   1   1   1   1   1   1   4   2   1   1   1   1   1   1   1   1   1   2   1   1   1   2   1   3   2   1   2   1   1   1   2   3   1   1   1   1   1   1   1   3   1   1   1   2   2   1   1   1   1   1   3   1   4   1   1   1   1   3   1   1   1   1   1   1   2   1   1   1   1   1   1   1      195

Locus        Population pair        P-Value  S.E.     Switches
-----------  ---------------------  -------  -------  --------
Olur10       NFH-2016  & NFW-2017   0.32784  0.01552     27018

Locus: Olur11
=================================
Pop       Genotypes:
          ------------------------------------------------------------------------------------------------------------------------------------------------------------------------------------------------------------------------------------------------
          1   4   2   3   4   5   5   4   5   7   4   5   7   5   9   1   2   3   4   5   6   7   8   9   10  4   5   10  11  10  4   10  12  4   10  5   
          4   4   5   5   5   5   6   7   7   7   8   8   8   9   9   10  10  10  10  10  10  10  10  10  10  11  11  11  11  12  13  13  13  14  14  15    Total

NFW-2017  0   4   1   1   11  7   0   2   2   1   0   1   0   1   1   1   1   1   13  19  1   2   1   4   14  0   1   1   1   0   0   2   0   0   0   1      95
NFH-2016  1   4   0   2   9   6   1   0   2   0   1   1   1   0   0   0   0   0   14  14  0   2   2   2   16  2   2   3   1   1   1   2   1   1   1   1      94

Total:    1   8   1   3   20  13  1   2   4   1   1   2   1   1   1   1   1   1   27  33  1   4   3   6   30  2   3   4   2   1   1   4   1   1   1   2      189

Locus        Population pair        P-Value  S.E.     Switches
-----------  ---------------------  -------  -------  --------
Olur11       NFH-2016  & NFW-2017   0.54191  0.01155     36148

Locus: Olur12
=================================
Pop       Genotypes:
          ------------------------------------------------------------------------------------------------------------------------------------------------------------------------------------------------------------------------------------------------
          2   2   2   2   2   3   1   2   3   5   7   9   2   3   9   2   3   4   7   9   10  11  2   7   8   9   10  2   3   6   7   9   10  11  12  13  2   7   8   9   10  11  12  13  14  2   7   9   10  11  12  13  14  2   2   
          2   3   5   6   7   7   9   9   9   9   9   9   10  10  10  11  11  11  11  11  11  11  12  12  12  12  12  13  13  13  13  13  13  13  13  13  14  14  14  14  14  14  14  14  14  15  15  15  15  15  15  15  15  16  17    Total

NFW-2017  4   1   0   0   2   1   1   4   1   1   2   3   0   1   2   2   1   1   3   4   0   1   2   1   1   1   2   8   3   0   2   5   2   6   2   3   4   0   1   5   1   0   1   3   1   1   1   1   2   0   1   1   1   0   1      98
NFH-2016  1   1   2   1   1   0   0   7   0   0   2   1   3   2   2   5   0   0   0   2   2   0   1   0   0   2   0   10  1   1   1   7   2   2   6   3   6   3   0   6   1   3   3   2   0   1   0   1   0   1   1   2   0   1   1      100

Total:    5   2   2   1   3   1   1   11  1   1   4   4   3   3   4   7   1   1   3   6   2   1   3   1   1   3   2   18  4   1   3   12  4   8   8   6   10  3   1   11  2   3   4   5   1   2   1   2   2   1   2   3   1   1   2      198

Locus        Population pair        P-Value  S.E.     Switches
-----------  ---------------------  -------  -------  --------
Olur12       NFH-2016  & NFW-2017   0.67662  0.01140     38491

Locus: Olur13
=================================
Pop       Genotypes:
          ------------------------------------------------------------------------------------------------------------------------------------------------------------------------------------------------------------------------------------------------
          1   1   2   3   4   4   5   1   2   4   5   1   4   5   6   7   1   3   4   6   1   2   6   1   3   5   6   7   8   2   3   4   5   6   7   9   10  11  4   5   6   7   8   9   11  12  1   2   3   4   5   6   8   9   10  11  12  13  1   2   6   8   10  11  12  13  14  1   2   3   4   6   7   8   9   10  11  12  14  15  6   8   11  13  2   6   8   10  12  13  14  15  12  
          1   3   4   4   4   5   5   6   6   6   6   7   7   7   7   7   8   8   8   8   9   9   9   10  10  10  10  10  10  11  11  11  11  11  11  11  11  11  12  12  12  12  12  12  12  12  13  13  13  13  13  13  13  13  13  13  13  13  14  14  14  14  14  14  14  14  14  15  15  15  15  15  15  15  15  15  15  15  15  15  16  16  16  16  17  17  17  17  17  17  17  18  19    Total

NFW-2017  0   1   2   0   1   2   1   1   1   1   1   2   0   1   2   1   0   1   1   2   1   1   1   0   0   2   5   2   0   1   0   3   2   1   0   2   2   1   2   1   2   1   1   1   1   1   1   0   1   1   3   6   1   1   1   0   2   0   2   1   0   1   1   2   1   2   1   1   1   1   0   0   0   1   0   0   1   1   1   1   0   1   0   0   0   1   0   0   0   1   2   1   1      98
NFH-2016  1   1   2   2   0   2   0   1   0   0   0   1   3   0   2   0   1   0   0   1   0   0   0   1   1   0   1   1   1   2   3   0   0   3   4   1   1   1   3   1   0   2   2   0   4   1   0   1   0   2   0   0   2   0   3   1   0   1   2   0   1   0   0   1   1   2   1   0   0   2   1   5   2   0   1   2   3   2   2   1   1   0   1   1   1   0   1   1   1   0   0   0   0      96

Total:    1   2   4   2   1   4   1   2   1   1   1   3   3   1   4   1   1   1   1   3   1   1   1   1   1   2   6   3   1   3   3   3   2   4   4   3   3   2   5   2   2   3   3   1   5   2   1   1   1   3   3   6   3   1   4   1   2   1   4   1   1   1   1   3   2   4   2   1   1   3   1   5   2   1   1   2   4   3   3   2   1   1   1   1   1   1   1   1   1   1   2   1   1      194

Locus        Population pair        P-Value  S.E.     Switches
-----------  ---------------------  -------  -------  --------
Olur13       NFH-2016  & NFW-2017   0.08560  0.00745     32174

Locus: Olur15
=================================
Pop       Genotypes:
          ------------------------------------------------------------------------------------------------------------------------------------------------------------------------------------------------------------------------------------------------
          1   2   3   4   5   5   6   2   3   5   6   2   5   6   7   2   4   5   7   2   3   7   2   4   6   7   8   9   3   4   5   6   7   8   10  11  12  5   6   7   8   9   10  12  13  2   3   4   5   6   7   9   10  11  12  13  14  2   3   7   9   11  12  13  14  15  3   4   5   7   8   9   10  11  12  13  15  16  7   9   12  14  3   7   9   11  13  14  15  16  9   13  
          2   4   5   5   5   6   6   7   7   7   7   8   8   8   8   9   9   9   9   10  10  10  11  11  11  11  11  11  12  12  12  12  12  12  12  12  12  13  13  13  13  13  13  13  13  14  14  14  14  14  14  14  14  14  14  14  14  15  15  15  15  15  15  15  15  15  16  16  16  16  16  16  16  16  16  16  16  16  17  17  17  17  18  18  18  18  18  18  18  19  20  20    Total

NFW-2017  1   1   2   0   1   2   1   1   1   1   1   2   0   2   2   0   1   1   2   1   1   1   0   0   2   5   2   0   1   0   3   2   1   0   2   2   1   2   1   2   1   1   1   1   1   1   0   1   1   3   6   1   1   1   0   2   0   2   1   0   1   1   2   1   2   1   1   1   0   0   0   1   0   0   1   1   1   1   0   1   0   0   0   1   0   0   0   1   2   1   0   1      98
NFH-2016  0   1   2   2   0   2   0   1   0   0   0   1   3   0   2   1   0   0   1   0   0   0   1   1   0   1   1   1   2   3   0   0   3   4   1   1   1   3   1   0   2   2   0   4   1   0   1   0   2   0   0   2   0   3   1   0   2   2   0   1   0   0   1   1   2   1   0   2   1   5   2   0   1   2   3   2   2   1   1   0   1   1   1   0   1   1   2   0   0   0   1   0      98

Total:    1   2   4   2   1   4   1   2   1   1   1   3   3   2   4   1   1   1   3   1   1   1   1   1   2   6   3   1   3   3   3   2   4   4   3   3   2   5   2   2   3   3   1   5   2   1   1   1   3   3   6   3   1   4   1   2   2   4   1   1   1   1   3   2   4   2   1   3   1   5   2   1   1   2   4   3   3   2   1   1   1   1   1   1   1   1   2   1   2   1   1   1      196

Locus        Population pair        P-Value  S.E.     Switches
-----------  ---------------------  -------  -------  --------
Olur15       NFH-2016  & NFW-2017   0.06505  0.00713     32414

Locus: Olur19
=================================
Pop       Genotypes:
          ------------------------------------------------------------------------------------------------------------------------------------------------------------------------------------------------------------------------------------------------
          1   1   2   3   4   4   5   1   2   4   5   1   4   5   6   7   1   3   4   6   1   2   6   1   3   5   6   7   8   2   3   4   5   6   7   9   10  11  4   5   6   7   8   9   11  12  1   2   3   4   5   6   8   9   10  11  12  13  1   2   6   8   10  11  12  13  14  1   2   3   4   6   7   8   9   10  11  12  14  15  6   8   11  13  2   6   10  12  13  14  15  8   12  
          1   3   4   4   4   5   5   6   6   6   6   7   7   7   7   7   8   8   8   8   9   9   9   10  10  10  10  10  10  11  11  11  11  11  11  11  11  11  12  12  12  12  12  12  12  12  13  13  13  13  13  13  13  13  13  13  13  13  14  14  14  14  14  14  14  14  14  15  15  15  15  15  15  15  15  15  15  15  15  15  16  16  16  16  17  17  17  17  17  17  18  19  19    Total

NFW-2017  0   1   2   0   1   2   1   1   1   1   1   2   0   1   2   1   0   1   1   2   1   1   1   0   0   2   5   2   0   1   0   3   2   1   0   2   2   1   2   1   2   1   1   1   1   1   1   0   1   1   3   6   1   1   1   0   2   0   1   1   0   1   1   2   1   2   1   1   1   1   0   0   0   1   0   0   1   1   1   1   0   1   0   0   0   1   0   0   1   2   1   0   1      97
NFH-2016  1   1   1   2   0   2   0   1   0   0   0   1   3   0   2   0   1   0   0   1   0   0   0   1   1   0   1   1   1   2   3   0   0   3   4   1   1   1   3   1   0   2   2   0   4   1   0   1   0   2   0   0   2   0   3   1   0   2   2   0   1   0   0   1   1   2   1   0   0   2   1   4   2   0   1   2   3   2   2   1   1   0   1   1   1   0   1   2   0   0   0   1   0      96

Total:    1   2   3   2   1   4   1   2   1   1   1   3   3   1   4   1   1   1   1   3   1   1   1   1   1   2   6   3   1   3   3   3   2   4   4   3   3   2   5   2   2   3   3   1   5   2   1   1   1   3   3   6   3   1   4   1   2   2   3   1   1   1   1   3   2   4   2   1   1   3   1   4   2   1   1   2   4   3   3   2   1   1   1   1   1   1   1   2   1   2   1   1   1      193

Locus        Population pair        P-Value  S.E.     Switches
-----------  ---------------------  -------  -------  --------
Olur19       NFH-2016  & NFW-2017   0.15165  0.01146     32502

=================================

P-value for each population pair across all loci
(Fisher's method)
-----------------------------------------------------
Population pair               Chi2      df   P-Value
--------------------          --------  ---  --------
NFW-2017      & NFH-2016      18.39076  12   0.104331

Normal ending.
